angle:    ecart:
   0.0   0.0000000000000002
   0.5   0.0000000000000003
   1.0   0.0000000000000002
   1.5   0.0000000000000002
   2.0   0.0000000000000001
   2.5   0.0000000000000001
   3.0   0.0000000000000001
   3.5   0.0000000000000001
   4.0   0.0000000000000005
   4.5   0.0000000000000001
   5.0   0.0000000000000000
   5.5   0.0000000000000001
   6.0   0.0000000000000001
   6.5   0.0000000000000002
   7.0   0.0000000000000000
   7.5   0.0000000000000001
   8.0   0.0000000000000002
   8.5   0.0000000000000000
   9.0   0.0000000000000000
   9.5   0.0000000000000000
  10.0   0.0000000000000002
  10.5   0.0000000000000001
  11.0   0.0000000000000001
  11.5   0.0000000000000002
  12.0   0.0000000000000002
  12.5   0.0000000000000004
  13.0   0.0000000000000003
  13.5   0.0000000000000003
  14.0   0.0000000000000001
  14.5   0.0000000000000002
  15.0   0.0000000000000002
  15.5   0.0000000000000000
  16.0   0.0000000000000001
  16.5   0.0000000000000003
  17.0   0.0000000000000004
  17.5   0.0000000000000001
  18.0   0.0000000000000000
  18.5   0.0000000000000002
  19.0   0.0000000000000003
  19.5   0.0000000000000004
  20.0   0.0000000000000001
  20.5   0.0000000000000004
  21.0   0.0000000000000005
  21.5   0.0000000000000003
  22.0   0.0000000000000003
  22.5   0.0000000000000003
  23.0   0.0000000000000001
  23.5   0.0000000000000000
  24.0   0.0000000000000005
  24.5   0.0000000000000001
  25.0   0.0000000000000004
  25.5   0.0000000000000007
  26.0   0.0000000000000003
  26.5   0.0000000000000004
  27.0   0.0000000000000002
  27.5   0.0000000000000006
  28.0   0.0000000000000003
  28.5   0.0000000000000004
  29.0   0.0000000000000001
  29.5   0.0000000000000001
  30.0   0.0000000000000000
  30.5   0.0000000000000001
  31.0   0.0000000000000002
  31.5   0.0000000000000001
  32.0   0.0000000000000004
  32.5   0.0000000000000006
  33.0   0.0000000000000007
  33.5   0.0000000000000007
  34.0   0.0000000000000002
  34.5   0.0000000000000004
  35.0   0.0000000000000003
  35.5   0.0000000000000007
  36.0   0.0000000000000003
  36.5   0.0000000000000002
  37.0   0.0000000000000004
  37.5   0.0000000000000003
  38.0   0.0000000000000006
  38.5   0.0000000000000000
  39.0   0.0000000000000004
  39.5   0.0000000000000008
  40.0   0.0000000000000002
  40.5   0.0000000000000003
  41.0   0.0000000000000002
  41.5   0.0000000000000007
  42.0   0.0000000000000002
  42.5   0.0000000000000007
  43.0   0.0000000000000001
  43.5   0.0000000000000004
  44.0   0.0000000000000002
  44.5   0.0000000000000006
  45.0   0.0000000000000006
  45.5   0.0000000000000004
  46.0   0.0000000000000003
  46.5   0.0000000000000002
  47.0   0.0000000000000003
  47.5   0.0000000000000003
  48.0   0.0000000000000006
  48.5   0.0000000000000001
  49.0   0.0000000000000003
  49.5   0.0000000000000000
  50.0   0.0000000000000008
  50.5   0.0000000000000001
  51.0   0.0000000000000006
  51.5   0.0000000000000000
  52.0   0.0000000000000002
  52.5   0.0000000000000006
  53.0   0.0000000000000007
  53.5   0.0000000000000002
  54.0   0.0000000000000006
  54.5   0.0000000000000003
  55.0   0.0000000000000004
  55.5   0.0000000000000004
  56.0   0.0000000000000002
  56.5   0.0000000000000001
  57.0   0.0000000000000010
  57.5   0.0000000000000000
  58.0   0.0000000000000003
  58.5   0.0000000000000002
  59.0   0.0000000000000000
  59.5   0.0000000000000000
  60.0   0.0000000000000002
  60.5   0.0000000000000003
  61.0   0.0000000000000003
  61.5   0.0000000000000002
  62.0   0.0000000000000002
  62.5   0.0000000000000000
  63.0   0.0000000000000002
  63.5   0.0000000000000002
  64.0   0.0000000000000003
  64.5   0.0000000000000000
  65.0   0.0000000000000004
  65.5   0.0000000000000002
  66.0   0.0000000000000002
  66.5   0.0000000000000001
  67.0   0.0000000000000000
  67.5   0.0000000000000000
  68.0   0.0000000000000000
  68.5   0.0000000000000002
  69.0   0.0000000000000001
  69.5   0.0000000000000001
  70.0   0.0000000000000001
  70.5   0.0000000000000000
  71.0   0.0000000000000002
  71.5   0.0000000000000006
  72.0   0.0000000000000006
  72.5   0.0000000000000006
  73.0   0.0000000000000001
  73.5   0.0000000000000003
  74.0   0.0000000000000002
  74.5   0.0000000000000006
  75.0   0.0000000000000002
  75.5   0.0000000000000001
  76.0   0.0000000000000006
  76.5   0.0000000000000001
  77.0   0.0000000000000006
  77.5   0.0000000000000001
  78.0   0.0000000000000006
  78.5   0.0000000000000004
  79.0   0.0000000000000007
  79.5   0.0000000000000006
  80.0   0.0000000000000004
  80.5   0.0000000000000007
  81.0   0.0000000000000008
  81.5   0.0000000000000006
  82.0   0.0000000000000003
  82.5   0.0000000000000006
  83.0   0.0000000000000009
  83.5   0.0000000000000003
  84.0   0.0000000000000004
  84.5   0.0000000000000000
  85.0   0.0000000000000009
  85.5   0.0000000000000004
  86.0   0.0000000000000004
  86.5   0.0000000000000001
  87.0   0.0000000000000004
  87.5   0.0000000000000002
  88.0   0.0000000000000004
  88.5   0.0000000000000012
  89.0   0.0000000000000006
  89.5   0.0000000000000002
  90.0   0.0000000000000002
  90.5   0.0000000000000002
  91.0   0.0000000000000006
  91.5   0.0000000000000012
  92.0   0.0000000000000004
  92.5   0.0000000000000002
  93.0   0.0000000000000004
  93.5   0.0000000000000000
  94.0   0.0000000000000004
  94.5   0.0000000000000004
  95.0   0.0000000000000009
  95.5   0.0000000000000001
  96.0   0.0000000000000003
  96.5   0.0000000000000003
  97.0   0.0000000000000008
  97.5   0.0000000000000006
  98.0   0.0000000000000003
  98.5   0.0000000000000006
  99.0   0.0000000000000008
  99.5   0.0000000000000007
 100.0   0.0000000000000004
 100.5   0.0000000000000006
 101.0   0.0000000000000007
 101.5   0.0000000000000004
 102.0   0.0000000000000004
 102.5   0.0000000000000001
 103.0   0.0000000000000006
 103.5   0.0000000000000002
 104.0   0.0000000000000006
 104.5   0.0000000000000001
 105.0   0.0000000000000002
 105.5   0.0000000000000006
 106.0   0.0000000000000002
 106.5   0.0000000000000003
 107.0   0.0000000000000002
 107.5   0.0000000000000004
 108.0   0.0000000000000004
 108.5   0.0000000000000004
 109.0   0.0000000000000001
 109.5   0.0000000000000000
 110.0   0.0000000000000000
 110.5   0.0000000000000000
 111.0   0.0000000000000001
 111.5   0.0000000000000002
 112.0   0.0000000000000001
 112.5   0.0000000000000000
 113.0   0.0000000000000000
 113.5   0.0000000000000001
 114.0   0.0000000000000001
 114.5   0.0000000000000002
 115.0   0.0000000000000003
 115.5   0.0000000000000002
 116.0   0.0000000000000002
 116.5   0.0000000000000002
 117.0   0.0000000000000001
 117.5   0.0000000000000001
 118.0   0.0000000000000000
 118.5   0.0000000000000002
 119.0   0.0000000000000002
 119.5   0.0000000000000003
 120.0   0.0000000000000003
 120.5   0.0000000000000002
 121.0   0.0000000000000001
 121.5   0.0000000000000001
 122.0   0.0000000000000002
 122.5   0.0000000000000001
 123.0   0.0000000000000008
 123.5   0.0000000000000002
 124.0   0.0000000000000002
 124.5   0.0000000000000003
 125.0   0.0000000000000006
 125.5   0.0000000000000001
 126.0   0.0000000000000006
 126.5   0.0000000000000001
 127.0   0.0000000000000004
 127.5   0.0000000000000006
 128.0   0.0000000000000001
 128.5   0.0000000000000001
 129.0   0.0000000000000004
 129.5   0.0000000000000000
 130.0   0.0000000000000006
 130.5   0.0000000000000001
 131.0   0.0000000000000002
 131.5   0.0000000000000003
 132.0   0.0000000000000002
 132.5   0.0000000000000002
 133.0   0.0000000000000002
 133.5   0.0000000000000000
 134.0   0.0000000000000001
 134.5   0.0000000000000004
 135.0   0.0000000000000003
 135.5   0.0000000000000004
 136.0   0.0000000000000002
 136.5   0.0000000000000004
 137.0   0.0000000000000000
 137.5   0.0000000000000006
 138.0   0.0000000000000003
 138.5   0.0000000000000006
 139.0   0.0000000000000002
 139.5   0.0000000000000004
 140.0   0.0000000000000002
 140.5   0.0000000000000006
 141.0   0.0000000000000004
 141.5   0.0000000000000001
 142.0   0.0000000000000004
 142.5   0.0000000000000003
 143.0   0.0000000000000006
 143.5   0.0000000000000002
 144.0   0.0000000000000002
 144.5   0.0000000000000008
 145.0   0.0000000000000002
 145.5   0.0000000000000004
 146.0   0.0000000000000001
 146.5   0.0000000000000006
 147.0   0.0000000000000007
 147.5   0.0000000000000004
 148.0   0.0000000000000004
 148.5   0.0000000000000002
 149.0   0.0000000000000000
 149.5   0.0000000000000000
 150.0   0.0000000000000001
 150.5   0.0000000000000002
 151.0   0.0000000000000002
 151.5   0.0000000000000003
 152.0   0.0000000000000002
 152.5   0.0000000000000004
 153.0   0.0000000000000001
 153.5   0.0000000000000003
 154.0   0.0000000000000002
 154.5   0.0000000000000006
 155.0   0.0000000000000002
 155.5   0.0000000000000001
 156.0   0.0000000000000004
 156.5   0.0000000000000001
 157.0   0.0000000000000000
 157.5   0.0000000000000002
 158.0   0.0000000000000002
 158.5   0.0000000000000002
 159.0   0.0000000000000003
 159.5   0.0000000000000003
 160.0   0.0000000000000001
 160.5   0.0000000000000003
 161.0   0.0000000000000004
 161.5   0.0000000000000001
 162.0   0.0000000000000001
 162.5   0.0000000000000002
 163.0   0.0000000000000004
 163.5   0.0000000000000004
 164.0   0.0000000000000001
 164.5   0.0000000000000002
 165.0   0.0000000000000001
 165.5   0.0000000000000001
 166.0   0.0000000000000002
 166.5   0.0000000000000005
 167.0   0.0000000000000004
 167.5   0.0000000000000005
 168.0   0.0000000000000004
 168.5   0.0000000000000003
 169.0   0.0000000000000001
 169.5   0.0000000000000002
 170.0   0.0000000000000000
 170.5   0.0000000000000002
 171.0   0.0000000000000001
 171.5   0.0000000000000000
 172.0   0.0000000000000001
 172.5   0.0000000000000001
 173.0   0.0000000000000000
 173.5   0.0000000000000000
 174.0   0.0000000000000000
 174.5   0.0000000000000001
 175.0   0.0000000000000001
 175.5   0.0000000000000002
 176.0   0.0000000000000007
 176.5   0.0000000000000000
 177.0   0.0000000000000000
 177.5   0.0000000000000000
 178.0   0.0000000000000001
 178.5   0.0000000000000004
 179.0   0.0000000000000005
 179.5   0.0000000000000004
 180.0   0.0000000000000000
 180.5   0.0000000000000001
 181.0   0.0000000000000003
 181.5   0.0000000000000001
 182.0   0.0000000000000001
 182.5   0.0000000000000003
 183.0   0.0000000000000003
 183.5   0.0000000000000002
 184.0   0.0000000000000004
 184.5   0.0000000000000001
 185.0   0.0000000000000002
 185.5   0.0000000000000003
 186.0   0.0000000000000002
 186.5   0.0000000000000002
 187.0   0.0000000000000002
 187.5   0.0000000000000003
 188.0   0.0000000000000003
 188.5   0.0000000000000002
 189.0   0.0000000000000001
 189.5   0.0000000000000000
 190.0   0.0000000000000002
 190.5   0.0000000000000001
 191.0   0.0000000000000002
 191.5   0.0000000000000001
 192.0   0.0000000000000002
 192.5   0.0000000000000002
 193.0   0.0000000000000002
 193.5   0.0000000000000002
 194.0   0.0000000000000000
 194.5   0.0000000000000002
 195.0   0.0000000000000002
 195.5   0.0000000000000001
 196.0   0.0000000000000001
 196.5   0.0000000000000002
 197.0   0.0000000000000001
 197.5   0.0000000000000001
 198.0   0.0000000000000001
 198.5   0.0000000000000003
 199.0   0.0000000000000006
 199.5   0.0000000000000005
 200.0   0.0000000000000002
 200.5   0.0000000000000006
 201.0   0.0000000000000006
 201.5   0.0000000000000004
 202.0   0.0000000000000004
 202.5   0.0000000000000004
 203.0   0.0000000000000002
 203.5   0.0000000000000002
 204.0   0.0000000000000007
 204.5   0.0000000000000002
 205.0   0.0000000000000004
 205.5   0.0000000000000008
 206.0   0.0000000000000004
 206.5   0.0000000000000006
 207.0   0.0000000000000003
 207.5   0.0000000000000006
 208.0   0.0000000000000004
 208.5   0.0000000000000006
 209.0   0.0000000000000001
 209.5   0.0000000000000001
 210.0   0.0000000000000001
 210.5   0.0000000000000002
 211.0   0.0000000000000002
 211.5   0.0000000000000000
 212.0   0.0000000000000006
 212.5   0.0000000000000007
 213.0   0.0000000000000009
 213.5   0.0000000000000007
 214.0   0.0000000000000003
 214.5   0.0000000000000007
 215.0   0.0000000000000004
 215.5   0.0000000000000009
 216.0   0.0000000000000004
 216.5   0.0000000000000003
 217.0   0.0000000000000007
 217.5   0.0000000000000006
 218.0   0.0000000000000007
 218.5   0.0000000000000001
 219.0   0.0000000000000007
 219.5   0.0000000000000008
 220.0   0.0000000000000000
 220.5   0.0000000000000002
 221.0   0.0000000000000004
 221.5   0.0000000000000008
 222.0   0.0000000000000004
 222.5   0.0000000000000008
 223.0   0.0000000000000002
 223.5   0.0000000000000006
 224.0   0.0000000000000003
 224.5   0.0000000000000006
 225.0   0.0000000000000006
 225.5   0.0000000000000007
 226.0   0.0000000000000003
 226.5   0.0000000000000002
 227.0   0.0000000000000003
 227.5   0.0000000000000004
 228.0   0.0000000000000004
 228.5   0.0000000000000002
 229.0   0.0000000000000003
 229.5   0.0000000000000001
 230.0   0.0000000000000007
 230.5   0.0000000000000001
 231.0   0.0000000000000007
 231.5   0.0000000000000001
 232.0   0.0000000000000002
 232.5   0.0000000000000008
 233.0   0.0000000000000007
 233.5   0.0000000000000002
 234.0   0.0000000000000007
 234.5   0.0000000000000004
 235.0   0.0000000000000007
 235.5   0.0000000000000004
 236.0   0.0000000000000003
 236.5   0.0000000000000001
 237.0   0.0000000000000011
 237.5   0.0000000000000002
 238.0   0.0000000000000003
 238.5   0.0000000000000002
 239.0   0.0000000000000001
 239.5   0.0000000000000001
 240.0   0.0000000000000004
 240.5   0.0000000000000004
 241.0   0.0000000000000003
 241.5   0.0000000000000001
 242.0   0.0000000000000001
 242.5   0.0000000000000000
 243.0   0.0000000000000002
 243.5   0.0000000000000003
 244.0   0.0000000000000003
 244.5   0.0000000000000001
 245.0   0.0000000000000004
 245.5   0.0000000000000003
 246.0   0.0000000000000003
 246.5   0.0000000000000000
 247.0   0.0000000000000001
 247.5   0.0000000000000002
 248.0   0.0000000000000000
 248.5   0.0000000000000002
 249.0   0.0000000000000002
 249.5   0.0000000000000001
 250.0   0.0000000000000002
 250.5   0.0000000000000001
 251.0   0.0000000000000001
 251.5   0.0000000000000004
 252.0   0.0000000000000006
 252.5   0.0000000000000004
 253.0   0.0000000000000000
 253.5   0.0000000000000003
 254.0   0.0000000000000004
 254.5   0.0000000000000006
 255.0   0.0000000000000002
 255.5   0.0000000000000002
 256.0   0.0000000000000006
 256.5   0.0000000000000002
 257.0   0.0000000000000007
 257.5   0.0000000000000003
 258.0   0.0000000000000006
 258.5   0.0000000000000004
 259.0   0.0000000000000007
 259.5   0.0000000000000004
 260.0   0.0000000000000004
 260.5   0.0000000000000008
 261.0   0.0000000000000009
 261.5   0.0000000000000006
 262.0   0.0000000000000004
 262.5   0.0000000000000006
 263.0   0.0000000000000009
 263.5   0.0000000000000003
 264.0   0.0000000000000003
 264.5   0.0000000000000000
 265.0   0.0000000000000009
 265.5   0.0000000000000004
 266.0   0.0000000000000004
 266.5   0.0000000000000000
 267.0   0.0000000000000004
 267.5   0.0000000000000002
 268.0   0.0000000000000004
 268.5   0.0000000000000010
 269.0   0.0000000000000006
 269.5   0.0000000000000002
 270.0   0.0000000000000002
 270.5   0.0000000000000002
 271.0   0.0000000000000006
 271.5   0.0000000000000010
 272.0   0.0000000000000004
 272.5   0.0000000000000002
 273.0   0.0000000000000004
 273.5   0.0000000000000000
 274.0   0.0000000000000003
 274.5   0.0000000000000004
 275.0   0.0000000000000009
 275.5   0.0000000000000001
 276.0   0.0000000000000003
 276.5   0.0000000000000002
 277.0   0.0000000000000009
 277.5   0.0000000000000004
 278.0   0.0000000000000003
 278.5   0.0000000000000004
 279.0   0.0000000000000008
 279.5   0.0000000000000008
 280.0   0.0000000000000003
 280.5   0.0000000000000003
 281.0   0.0000000000000006
 281.5   0.0000000000000003
 282.0   0.0000000000000006
 282.5   0.0000000000000002
 283.0   0.0000000000000006
 283.5   0.0000000000000003
 284.0   0.0000000000000004
 284.5   0.0000000000000001
 285.0   0.0000000000000001
 285.5   0.0000000000000004
 286.0   0.0000000000000003
 286.5   0.0000000000000002
 287.0   0.0000000000000001
 287.5   0.0000000000000003
 288.0   0.0000000000000004
 288.5   0.0000000000000003
 289.0   0.0000000000000000
 289.5   0.0000000000000000
 290.0   0.0000000000000001
 290.5   0.0000000000000000
 291.0   0.0000000000000001
 291.5   0.0000000000000001
 292.0   0.0000000000000001
 292.5   0.0000000000000001
 293.0   0.0000000000000001
 293.5   0.0000000000000001
 294.0   0.0000000000000002
 294.5   0.0000000000000002
 295.0   0.0000000000000002
 295.5   0.0000000000000002
 296.0   0.0000000000000001
 296.5   0.0000000000000001
 297.0   0.0000000000000001
 297.5   0.0000000000000001
 298.0   0.0000000000000000
 298.5   0.0000000000000002
 299.0   0.0000000000000002
 299.5   0.0000000000000002
 300.0   0.0000000000000002
 300.5   0.0000000000000002
 301.0   0.0000000000000001
 301.5   0.0000000000000001
 302.0   0.0000000000000001
 302.5   0.0000000000000000
 303.0   0.0000000000000009
 303.5   0.0000000000000003
 304.0   0.0000000000000001
 304.5   0.0000000000000003
 305.0   0.0000000000000004
 305.5   0.0000000000000002
 306.0   0.0000000000000004
 306.5   0.0000000000000000
 307.0   0.0000000000000004
 307.5   0.0000000000000006
 308.0   0.0000000000000000
 308.5   0.0000000000000001
 309.0   0.0000000000000004
 309.5   0.0000000000000003
 310.0   0.0000000000000004
 310.5   0.0000000000000003
 311.0   0.0000000000000001
 311.5   0.0000000000000001
 312.0   0.0000000000000001
 312.5   0.0000000000000001
 313.0   0.0000000000000000
 313.5   0.0000000000000000
 314.0   0.0000000000000000
 314.5   0.0000000000000002
 315.0   0.0000000000000002
 315.5   0.0000000000000004
 316.0   0.0000000000000001
 316.5   0.0000000000000003
 317.0   0.0000000000000001
 317.5   0.0000000000000004
 318.0   0.0000000000000003
 318.5   0.0000000000000003
 319.0   0.0000000000000001
 319.5   0.0000000000000004
 320.0   0.0000000000000003
 320.5   0.0000000000000008
 321.0   0.0000000000000004
 321.5   0.0000000000000001
 322.0   0.0000000000000002
 322.5   0.0000000000000003
 323.0   0.0000000000000004
 323.5   0.0000000000000000
 324.0   0.0000000000000001
 324.5   0.0000000000000003
 325.0   0.0000000000000001
 325.5   0.0000000000000003
 326.0   0.0000000000000001
 326.5   0.0000000000000004
 327.0   0.0000000000000006
 327.5   0.0000000000000004
 328.0   0.0000000000000003
 328.5   0.0000000000000004
 329.0   0.0000000000000001
 329.5   0.0000000000000002
 330.0   0.0000000000000002
 330.5   0.0000000000000003
 331.0   0.0000000000000004
 331.5   0.0000000000000002
 332.0   0.0000000000000001
 332.5   0.0000000000000003
 333.0   0.0000000000000000
 333.5   0.0000000000000003
 334.0   0.0000000000000001
 334.5   0.0000000000000005
 335.0   0.0000000000000001
 335.5   0.0000000000000002
 336.0   0.0000000000000003
 336.5   0.0000000000000001
 337.0   0.0000000000000001
 337.5   0.0000000000000001
 338.0   0.0000000000000001
 338.5   0.0000000000000002
 339.0   0.0000000000000002
 339.5   0.0000000000000002
 340.0   0.0000000000000001
 340.5   0.0000000000000002
 341.0   0.0000000000000003
 341.5   0.0000000000000001
 342.0   0.0000000000000002
 342.5   0.0000000000000002
 343.0   0.0000000000000005
 343.5   0.0000000000000005
 344.0   0.0000000000000001
 344.5   0.0000000000000003
 345.0   0.0000000000000002
 345.5   0.0000000000000001
 346.0   0.0000000000000004
 346.5   0.0000000000000006
 347.0   0.0000000000000005
 347.5   0.0000000000000006
 348.0   0.0000000000000005
 348.5   0.0000000000000004
 349.0   0.0000000000000002
 349.5   0.0000000000000003
 350.0   0.0000000000000001
 350.5   0.0000000000000003
 351.0   0.0000000000000002
 351.5   0.0000000000000000
 352.0   0.0000000000000000
 352.5   0.0000000000000001
 353.0   0.0000000000000002
 353.5   0.0000000000000001
 354.0   0.0000000000000003
 354.5   0.0000000000000002
 355.0   0.0000000000000002
 355.5   0.0000000000000003
 356.0   0.0000000000000008
 356.5   0.0000000000000003
 357.0   0.0000000000000001
 357.5   0.0000000000000001
 358.0   0.0000000000000003
 358.5   0.0000000000000005
 359.0   0.0000000000000007
 359.5   0.0000000000000005
 360.0   0.0000000000000001
